-0.00002286
-0.00001685
-0.00002988
0.00000412
-0.00001802
0.00001075
-0.00000028
0.00001196
0.00000426
-0.00000319
-0.00002682
-0.00006603
-0.00012246
-0.00018824
-0.00033486
-0.00029262
-0.00088261
-0.00055425
0.00033606
-0.00002286
-0.00002133
-0.00004268
-0.00003503
-0.00004472
-0.00004491
-0.00004905
-0.00005861
-0.00006067
-0.00007249
-0.00007110
-0.00008206
-0.00007833
-0.00009259
-0.00008533
-0.00010493
-0.00009018
-0.00012136
-0.00008987
-0.00014574
-0.00008183
-0.00017767
-0.00009003
-0.00017648
-0.00011734
-0.00013584
-0.00004317
0.00005893
0.00007107
0.00021048
-0.00064903
0.00179001
0.00002384
0.00002239
0.00003920
0.00003739
0.00003275
0.00003792
0.00002441
0.00002745
0.00000911
0.00000269
-0.00001631
-0.00002899
-0.00004295
-0.00005061
-0.00004807
-0.00003571
-0.00000797
0.00001137
-0.00023236
-0.00024442
-0.00137858
0.00134182
0.00002384
0.00001861
0.00002857
0.00001734
0.00001399
-0.00000631
-0.00000641
-0.00001389
-0.00001191
-0.00001652
-0.00001202
-0.00001842
-0.00000952
-0.00002253
-0.00000743
-0.00003178
-0.00001471
-0.00004342
-0.00004759
-0.00005428
-0.00008448
-0.00003177
-0.00004371
0.00000767
0.00000227
-0.00003713
-0.00019766
-0.00022695
-0.00105139
0.00004471
0.00011572
0.00008693
0.00010697
0.00008871
0.00010349
0.00009961
0.00011128
0.00011758
0.00012527
0.00012823
0.00012412
0.00011093
0.00009210
0.00006061
-0.00000761
0.00004311
-0.00002794
0.00034917
-0.00030790
0.00169756
0.00004471
0.00011550
0.00011095
0.00010407
0.00008437
0.00008598
0.00007889
0.00007964
0.00008269
0.00008162
0.00009448
0.00009365
0.00012041
0.00011446
0.00015577
0.00013187
0.00017249
0.00013192
0.00012005
0.00008690
0.00004644
0.00003888
0.00004727
0.00008241
0.00016205
0.00021876
0.00035642
-0.00082008
-0.00000295
-0.00005271
-0.00002832
-0.00006998
-0.00007400
-0.00010692
-0.00013063
-0.00016091
-0.00019040
-0.00022107
-0.00024632
-0.00028253
-0.00027457
-0.00028532
-0.00026064
-0.00014001
-0.00018088
0.00015917
-0.00046857
0.00139523
-0.00000295
-0.00004293
0.00000417
-0.00004678
-0.00003425
-0.00006847
-0.00008027
-0.00008150
-0.00009238
-0.00008050
-0.00008426
-0.00005831
-0.00005006
-0.00001367
0.00001108
0.00004132
0.00009218
0.00009894
0.00015277
0.00015894
0.00019321
0.00020590
0.00022443
0.00027088
0.00027217
0.00051099
-0.00112898
-0.00005933
-0.00009105
-0.00008718
-0.00004556
-0.00003910
-0.00005811
-0.00006591
-0.00025239
-0.00018230
-0.00079701
-0.00044559
-0.00120659
-0.00069778
-0.00082301
-0.00032755
0.00030404
0.00017275
0.00029479
0.00041955
-0.00005933
-0.00012639
-0.00012916
-0.00012955
-0.00013162
-0.00012896
-0.00012423
-0.00011410
-0.00012451
-0.00010851
-0.00016023
-0.00013174
-0.00024794
-0.00021338
-0.00034047
-0.00034066
-0.00030721
-0.00031454
-0.00004861
0.00013334
0.00031205
0.00105041
0.00066111
0.00155370
0.00090478
0.00073306
0.00049277
0.00000047
-0.00000248
-0.00010824
0.00000662
-0.00012239
-0.00003464
-0.00010911
-0.00008581
-0.00013113
-0.00020574
-0.00024644
-0.00037390
-0.00042378
-0.00048842
-0.00049297
-0.00039433
-0.00029443
0.00119465
0.00000047
0.00000614
-0.00001631
0.00003286
0.00000615
-0.00001671
0.00003338
-0.00008297
0.00007048
-0.00018412
0.00012351
-0.00033718
0.00015667
-0.00049625
0.00007089
-0.00048253
-0.00007559
-0.00022662
-0.00000433
0.00019259
0.00041987
0.00081564
0.00108959
0.00122794
0.00153996
0.00205849
0.00003646
0.00001121
0.00003488
-0.00001424
-0.00001402
-0.00007354
-0.00008709
-0.00013774
-0.00015683
-0.00016981
-0.00015637
-0.00012186
-0.00002529
0.00004325
-0.00000124
-0.00017468
0.00042238
0.00003646
0.00003275
0.00005201
0.00005063
0.00002683
0.00002924
0.00001354
0.00003013
0.00002020
0.00003972
0.00003153
0.00004572
0.00004819
0.00004326
0.00007952
0.00005367
0.00012170
0.00009716
0.00014253
0.00015748
0.00023395
0.00020902
0.00011056
0.00019142
0.00034032
0.00059866
0.00012477
0.00025286
0.00029341
0.00025329
0.00034070
0.00027730
0.00036356
0.00029358
0.00032302
0.00025655
0.00021334
0.00010524
0.00003044
-0.00033316
-0.00067870
0.00099200
0.00012477
0.00025905
0.00025138
0.00025661
0.00024770
0.00024149
0.00024448
0.00024117
0.00024789
0.00025520
0.00022365
0.00027519
0.00017648
0.00028745
0.00014434
0.00027639
0.00015505
0.00025393
0.00022041
0.00033204
0.00033610
0.00024766
0.00039682
0.00036334
0.00101405
0.00019914
0.00039268
0.00042973
0.00034215
0.00042415
0.00032683
0.00042114
0.00042598
0.00051537
0.00057763
0.00050974
0.00025961
-0.00002641
-0.00042638
0.00062776
0.00019914
0.00042670
0.00037857
0.00041765
0.00035056
0.00036920
0.00034043
0.00036429
0.00035143
0.00030434
0.00037115
0.00022466
0.00038487
0.00016473
0.00036460
0.00015726
0.00029038
0.00012873
0.00023729
0.00023159
0.00023688
0.00031102
0.00039270
0.00014901
0.00057049
0.00012395
0.00026768
0.00023957
0.00028993
0.00015625
0.00021536
0.00012457
0.00021711
-0.00002519
-0.00009283
0.00029510
-0.00066534
0.00286531
0.00012395
0.00023084
0.00021549
0.00016753
0.00018329
0.00010624
0.00017089
0.00010577
0.00018515
0.00004433
0.00019354
-0.00002081
0.00020306
-0.00004667
0.00020836
0.00002379
0.00022653
0.00036097
0.00036559
0.00053035
-0.00010528
-0.00094125
0.00068494
0.00006292
-0.00014241
-0.00007086
-0.00009786
-0.00151136
-0.00058668
0.00032146
0.00004385
0.00006292
-0.00002288
0.00005175
0.00000331
-0.00000628
-0.00005018
-0.00008923
-0.00009118
-0.00012696
-0.00009323
-0.00014519
-0.00008051
-0.00018458
0.00012915
-0.00015702
-0.00016977
0.00029659
-0.00023109
-0.00059786
0.00147377
0.00001797
0.00011831
0.00004018
0.00009752
0.00003041
0.00007189
0.00002201
0.00003969
0.00001638
0.00002422
0.00002834
0.00004904
0.00008106
0.00012710
0.00018901
0.00023073
0.00024484
0.00005665
0.00018615
-0.00130520
0.00348991
0.00001797
0.00011252
0.00007651
0.00009329
0.00008536
0.00008283
0.00008385
0.00007648
0.00009173
0.00007523
0.00010099
0.00007332
0.00011432
0.00006975
0.00013823
0.00006312
0.00018023
0.00005835
0.00022777
0.00009333
0.00022693
0.00017233
0.00023550
0.00029228
0.00036155
0.00038178
0.00034421
0.00018325
0.00007690
-0.00046420
-0.00003956
-0.00006319
-0.00009096
-0.00007264
-0.00010835
-0.00011372
-0.00014365
-0.00016502
-0.00018387
-0.00019546
-0.00019165
-0.00017675
-0.00015067
-0.00012039
-0.00011256
-0.00007681
-0.00012367
-0.00025718
-0.00030165
-0.00034263
-0.00103003
0.00023156
-0.00003956
-0.00006530
-0.00009062
-0.00006858
-0.00010420
-0.00010935
-0.00011798
-0.00013066
-0.00012916
-0.00014255
-0.00013553
-0.00014596
-0.00012949
-0.00013300
-0.00010284
-0.00009612
-0.00005508
-0.00003562
-0.00000490
0.00000667
0.00002501
0.00003051
0.00003189
0.00005484
0.00008219
0.00004717
0.00008144
-0.00020268
-0.00001503
-0.00002226
-0.00003169
-0.00001151
-0.00002242
-0.00001141
-0.00001724
-0.00001880
-0.00002347
-0.00002845
-0.00002730
-0.00001808
-0.00000472
0.00003384
0.00005283
0.00006969
0.00010740
-0.00024063
-0.00027407
-0.00094812
0.00020971
-0.00001503
-0.00002650
-0.00003561
-0.00002794
-0.00005891
-0.00006055
-0.00006090
-0.00006041
-0.00005487
-0.00005338
-0.00004643
-0.00004921
-0.00003994
-0.00005775
-0.00003680
-0.00009071
-0.00003573
-0.00012827
-0.00005093
-0.00011610
-0.00004319
-0.00004191
-0.00000345
0.00003029
0.00005826
0.00006962
-0.00008168
-0.00040469
0.00004166
0.00012613
0.00006590
0.00011344
0.00007825
0.00013296
0.00015110
0.00023858
0.00029844
0.00047333
0.00043994
0.00072841
0.00058354
0.00057658
0.00046368
0.00002629
0.00015668
-0.00097119
-0.00057129
0.00074380
0.00004166
0.00013411
0.00011573
0.00012137
0.00010453
0.00010168
0.00009510
0.00009752
0.00011087
0.00011185
0.00015675
0.00014161
0.00023840
0.00015366
0.00032957
0.00012577
0.00031237
0.00005419
0.00008072
-0.00013522
-0.00029301
-0.00040875
-0.00062145
-0.00049548
-0.00072648
-0.00052654
0.00027177
0.00002732
0.00000690
0.00007271
-0.00006846
0.00002830
-0.00008638
0.00002411
0.00003441
0.00018541
0.00044050
0.00049937
0.00089769
0.00073013
0.00078183
0.00027965
0.00009865
-0.00058722
-0.00107870
0.00008407
0.00002732
0.00005317
0.00006909
0.00005367
0.00005009
0.00004347
0.00003917
0.00007161
0.00003607
0.00015458
0.00002533
0.00033327
-0.00001400
0.00062277
-0.00002598
0.00078970
0.00005023
0.00050536
-0.00001719
-0.00025145
-0.00045113
-0.00143022
-0.00110917
-0.00155331
-0.00130126
-0.00160144
-0.00007422
0.00007308
-0.00003230
0.00007550
0.00008561
0.00012377
0.00016149
0.00016840
0.00018152
0.00016149
0.00016770
0.00011138
0.00014718
0.00015938
0.00020955
0.00026324
-0.00039267
0.00061655
-0.00007422
0.00005291
-0.00010964
0.00000499
-0.00005254
-0.00002495
0.00001513
-0.00004485
0.00007712
-0.00007538
0.00013465
-0.00011844
0.00020192
-0.00015118
0.00023954
-0.00013953
0.00016263
-0.00012560
-0.00001813
-0.00019957
-0.00024193
-0.00036233
-0.00025509
-0.00052598
-0.00119534
-0.00136239
-0.00006035
-0.00013072
-0.00010900
-0.00017902
-0.00011343
-0.00017843
-0.00010171
-0.00011967
-0.00004089
0.00000156
0.00006577
0.00010840
0.00015043
0.00000552
-0.00021012
-0.00029373
-0.00070171
-0.00006035
-0.00009856
-0.00009868
-0.00009965
-0.00011232
-0.00011848
-0.00013483
-0.00011056
-0.00013723
-0.00008941
-0.00013548
-0.00005714
-0.00012569
-0.00003684
-0.00011046
-0.00006095
-0.00011287
-0.00013039
-0.00016702
-0.00022854
-0.00015244
0.00003701
-0.00001883
-0.00045974
-0.00093134
-0.00050413
-0.00015811
-0.00032745
-0.00032731
-0.00034380
-0.00035314
-0.00040130
-0.00041578
-0.00047838
-0.00047240
-0.00044564
-0.00036922
-0.00029323
-0.00037067
-0.00027470
-0.00064777
0.00146682
-0.00015811
-0.00032073
-0.00032585
-0.00032403
-0.00035230
-0.00036006
-0.00035429
-0.00036163
-0.00033881
-0.00034785
-0.00030252
-0.00031390
-0.00025455
-0.00025791
-0.00022066
-0.00020104
-0.00022290
-0.00019134
-0.00031580
-0.00024393
-0.00008846
-0.00013512
-0.00060417
-0.00082648
-0.00088644
-0.00016377
-0.00034116
-0.00027808
-0.00037330
-0.00025428
-0.00042036
-0.00028154
-0.00046776
-0.00032845
-0.00078344
-0.00112118
-0.00075277
-0.00067420
-0.00007437
-0.00016377
-0.00032788
-0.00034774
-0.00033417
-0.00039915
-0.00034499
-0.00038196
-0.00035687
-0.00032570
-0.00036915
-0.00026300
-0.00037597
-0.00018457
-0.00036130
-0.00014673
-0.00032858
-0.00029212
-0.00024672
-0.00016429
0.00006416
0.00005330
0.00000355
-0.00005176
-0.00066818
0.00005066
0.00010266
0.00023911
0.00007212
0.00003096
0.00018539
-0.00044796
-0.00047436
0.00004429
-0.00104220
0.00115360
0.00005066
0.00015933
0.00008132
0.00012104
0.00001913
0.00003318
0.00003179
0.00004510
0.00003409
0.00007141
0.00003726
0.00012411
0.00007771
0.00015764
0.00019901
0.00035100
-0.00010166
0.00012994
-0.00012936
0.00067696
-0.00157116
-0.00019663
0.00001053
-0.00059759
-0.00136876
0.00315979
-0.00019663
0.00002232
-0.00024364
0.00000569
-0.00005557
0.00000827
0.00002341
0.00001321
0.00008978
0.00003264
0.00012664
0.00001648
0.00002378
0.00011854
0.00026991
-0.00035392
-0.00019233
