788.82683613
788.83225613
788.84096208
788.85000473
788.85996584
788.87069831
788.88244821
788.89540367
788.90983650
788.92613973
788.94476054
788.96632629
788.99141430
789.02039714
789.05434229
789.09548597
789.14843093
789.22122729
789.24240565
788.82683613
788.82974853
788.83155899
788.83340560
788.83499931
788.83657041
788.83792054
788.83919963
788.84034265
788.84170230
788.84316948
788.84494422
788.84691633
788.84916712
788.85161705
788.85434633
788.85728326
788.86051188
788.86395098
788.86771444
788.87168015
788.87603853
788.88057932
788.88574575
788.89136259
788.89774826
788.90540733
788.91445189
788.92188503
788.92573085
788.92757361
788.92877593
683.88089468
683.88217809
683.88932267
683.89609547
683.90496916
683.91404726
683.92469813
683.93609877
683.94878511
683.96256426
683.97757952
683.99383066
684.01131317
684.02998636
684.04970910
684.07024244
684.09128340
684.11260746
684.13596336
684.15957224
684.16835728
684.15748101
683.88089468
683.88389442
683.88484781
683.88606367
683.88636917
683.88742602
683.88818116
683.88964358
683.89102387
683.89300569
683.89493327
683.89743266
683.89987734
683.90291202
683.90583832
683.90944470
683.91281340
683.91703777
683.92093328
683.92579464
683.93058404
683.93650735
683.94314626
683.95090479
683.95940057
683.96733032
683.97170678
683.96897623
683.95900078
589.87741778
589.88107926
589.88512403
589.88953947
589.89447782
589.89986177
589.90569275
589.91197145
589.91867149
589.92580592
589.93338138
589.94144378
589.95008167
589.95945167
589.96987193
589.98189895
589.99558103
590.01096131
590.02513435
590.03196515
590.02768357
589.87741778
589.87835850
589.87915374
589.87990253
589.88067764
589.88159095
589.88259758
589.88380189
589.88511712
589.88663327
589.88829238
589.89016364
589.89219840
589.89445869
589.89689025
589.89956102
589.90239102
589.90546011
589.90866518
589.91206486
589.91565883
589.91950776
589.92371688
589.92834027
589.93316796
589.93727973
589.93808788
589.93095833
504.20721764
504.20839880
504.20968213
504.21114074
504.21272602
504.21449228
504.21639474
504.21846614
504.22066281
504.22298746
504.22540146
504.22789436
504.23043649
504.23307746
504.23578193
504.23889766
504.24282583
504.24736792
504.25106416
504.24848647
504.20721764
504.20755897
504.20785631
504.20813926
504.20842635
504.20874439
504.20912751
504.20956272
504.21005557
504.21059897
504.21120250
504.21185565
504.21257514
504.21334466
504.21419295
504.21509646
504.21608500
504.21714903
504.21828492
504.21951661
504.22079066
504.22214029
504.22353090
504.22500623
504.22636687
504.22668556
504.22454601
432.56113891
432.55954709
432.55789969
432.55608355
432.55440276
432.55250092
432.55063214
432.54848374
432.54624106
432.54365963
432.54073706
432.53784010
432.53457921
432.53195320
432.52912045
432.52754648
432.52487979
432.52205684
432.51911718
432.56113891
432.56054562
432.56003287
432.55951341
432.55901572
432.55847440
432.55793058
432.55734100
432.55673330
432.55611236
432.55544299
432.55481485
432.55408104
432.55349529
432.55270722
432.55218815
432.55142465
432.55093152
432.55030285
432.54973738
432.54922891
432.54851402
432.54808180
432.54807717
432.54762427
432.54631207
432.54435996
392.17245191
392.17259518
392.16819804
392.16401013
392.15955954
392.15503336
392.15048588
392.14584229
392.14123342
392.13666613
392.13174854
392.12713063
392.12143082
392.11515295
392.10741900
392.09842578
392.08895612
392.08421606
392.17245191
392.16970745
392.16865438
392.16729675
392.16632100
392.16497187
392.16393034
392.16250097
392.16138080
392.15983530
392.15866458
392.15696395
392.15580350
392.15394571
392.15275485
392.15093955
392.14981800
392.14818043
392.14697827
392.14555730
392.14430217
392.14300241
392.14169959
392.14019203
392.13795677
392.13608475
343.27426976
343.26969955
343.26390792
343.25707102
343.25041041
343.24297690
343.23523836
343.22685362
343.21789102
343.20837433
343.19841642
343.18819657
343.17801015
343.16821030
343.15757040
343.14630051
343.13732558
343.27426976
343.27193440
343.26999174
343.26852263
343.26670819
343.26528495
343.26337209
343.26167275
343.25955493
343.25768110
343.25540798
343.25340337
343.25100626
343.24885882
343.24637283
343.24407663
343.24153338
343.23902866
343.23641637
343.23368507
343.23067717
343.22745562
343.22475341
343.22320757
343.22271739
343.22287290
271.32825167
271.31909709
271.30976563
271.29991402
271.28969311
271.27908799
271.26782030
271.25606467
271.24315089
271.22925945
271.21336098
271.19470922
271.17160920
271.14231344
271.10396737
271.07993724
271.32825167
271.32550247
271.32288764
271.32053829
271.31842788
271.31635282
271.31410047
271.31160952
271.30888399
271.30585911
271.30267594
271.29918946
271.29553732
271.29161119
271.28749926
271.28323951
271.27870262
271.27413068
271.26911526
271.26374429
271.25775336
271.25288198
271.25022914
271.24945768
271.25063937
199.59538984
199.57455042
199.55838293
199.54128778
199.52129984
199.50012212
199.47647557
199.45199853
199.42561469
199.39748489
199.36477448
199.32424602
199.27264593
199.22201349
199.19581287
199.59538984
199.59458606
199.59188657
199.59006400
199.58874736
199.58786755
199.58669834
199.58494106
199.58243661
199.57950400
199.57584511
199.57171752
199.56699470
199.56165095
199.55598489
199.54954429
199.54309148
199.53590058
199.52844771
199.51954973
199.51100047
199.50394998
199.49995385
199.50035472
199.50492525
130.86021872
130.85252937
130.82653137
130.79917278
130.76354714
130.72398907
130.67723509
130.62358049
130.55782322
130.47271102
130.38492318
130.32973725
130.33541428
130.86021872
130.85135050
130.84837570
130.84632034
130.84621246
130.84617173
130.84687171
130.84559986
130.84386017
130.84019883
130.83658399
130.83064954
130.82531112
130.81726685
130.81027569
130.80040800
130.79176523
130.77963128
130.76719975
130.75590802
130.75148367
130.76841123
130.78016060
68.10513725
68.09613922
68.04412569
67.99199455
67.91868190
67.80992777
67.77362712
67.74815559
68.10513725
68.08468082
68.07740179
68.06822960
68.06403380
68.05821661
68.05527515
68.05029721
68.04535793
68.03973224
68.03303681
68.02755667
68.01983858
68.01477952
68.00517732
68.00738626
67.99716650
67.99261721
67.98858542
67.98048904
731.42120468
731.43000427
731.43936517
731.44883544
731.46023590
731.47257164
731.48648753
731.50186607
731.51882017
731.53750145
731.55792569
731.58021943
731.60439501
731.63042511
731.65802934
731.68687388
731.71674931
731.74813182
731.78258522
731.80177674
731.79343687
731.42120468
731.42222978
731.42310908
731.42428694
731.42471538
731.42538770
731.42588723
731.42688200
731.42782569
731.42930629
731.43077461
731.43276589
731.43480103
731.43739345
731.44005950
731.44338387
731.44677082
731.45104012
731.45529942
731.46077474
731.46636912
731.47322925
731.48078355
731.48980881
731.50019697
731.51171498
731.52290295
731.53106150
731.53300392
731.52860392
636.37582032
636.37959807
636.38445210
636.39022771
636.39689219
636.40449638
636.41302731
636.42248510
636.43284527
636.44403495
636.45597435
636.46852672
636.48157523
636.49502020
636.50891616
636.52342868
636.53875294
636.55621670
636.57559609
636.59189696
636.59836356
636.58882488
636.37582032
636.37704369
636.37792340
636.37847857
636.37897546
636.37963285
636.38045450
636.38154198
636.38285491
636.38440567
636.38619085
636.38822867
636.39051727
636.39308131
636.39592199
636.39907592
636.40254704
636.40637692
636.41057705
636.41514480
636.42015612
636.42564968
636.43163972
636.43806746
636.44458733
636.44974877
636.45101168
636.44668686
546.67931114
546.68125217
546.68376834
546.68668110
546.68974481
546.69317620
546.69686035
546.70092303
546.70534878
546.71021239
546.71554101
546.72136944
546.72771066
546.73452875
546.74176396
546.74924415
546.75633009
546.76428623
546.77172232
546.77259044
546.76522644
546.67931114
546.68018103
546.68087804
546.68145279
546.68213967
546.68288517
546.68375613
546.68471108
546.68578866
546.68694905
546.68823119
546.68959348
546.69108136
546.69263945
546.69433446
546.69607699
546.69798146
546.69991781
546.70203645
546.70423970
546.70667902
546.70940018
546.71245173
546.71583222
546.71917244
546.72099966
546.71865269
546.71194745
462.69500694
462.69467360
462.69427047
462.69386808
462.69343261
462.69298727
462.69255891
462.69214521
462.69179734
462.69149576
462.69134211
462.69106370
462.69125147
462.69074756
462.69040054
462.68928777
462.68804616
462.68743275
462.68650916
462.68408459
462.69500694
462.69489242
462.69480084
462.69471427
462.69463409
462.69455625
462.69447134
462.69438975
462.69430175
462.69422087
462.69412980
462.69405146
462.69395572
462.69388211
462.69378461
462.69371332
462.69363640
462.69356132
462.69353754
462.69351022
462.69357393
462.69368046
462.69390371
462.69421131
462.69405024
462.69362112
462.69206704
412.33741098
412.33338072
412.33039785
412.32741448
412.32414349
412.32085185
412.31727277
412.31371086
412.30991112
412.30626572
412.30245562
412.29893752
412.29537761
412.29181946
412.28748201
412.28224503
412.27651967
412.27052667
412.26871530
412.33741098
412.33701167
412.33620326
412.33543334
412.33468094
412.33388219
412.33307513
412.33219259
412.33131753
412.33036098
412.32944361
412.32842915
412.32748624
412.32645515
412.32548468
412.32449930
412.32341971
412.32248826
412.32137582
412.32051586
412.31955731
412.31870351
412.31817517
412.31705717
412.31637236
412.31442279
371.84271111
371.83547231
371.83089978
371.82545858
371.82054787
371.81530605
371.81008125
371.80464662
371.79890303
371.79272016
371.78593170
371.77848842
371.76987648
371.76091883
371.75049804
371.74132440
371.73399733
371.73088683
371.84271111
371.84184089
371.84003873
371.83879156
371.83709530
371.83586769
371.83415974
371.83288245
371.83115839
371.82986816
371.82811732
371.82683447
371.82506590
371.82378544
371.82208651
371.82072023
371.81911116
371.81757665
371.81600546
371.81435639
371.81262749
371.81076556
371.80870023
371.80641762
371.80493575
371.80388890
306.76789933
306.75735217
306.74906816
306.73960315
306.73017684
306.71992531
306.70955477
306.69885747
306.68808380
306.67745664
306.66692906
306.65629769
306.64519885
306.63228490
306.61577727
306.59943428
306.58407926
306.76789933
306.76628458
306.76397230
306.76207578
306.76026028
306.75850833
306.75663665
306.75461862
306.75232453
306.74997131
306.74733936
306.74470139
306.74174320
306.73884998
306.73559940
306.73244806
306.72896295
306.72556984
306.72193664
306.71821200
306.71414573
306.70929766
306.70420553
306.70182066
306.70428878
306.70768630
235.90825519
235.90132036
235.89111076
235.87768684
235.86433299
235.84808613
235.83067965
235.81067944
235.78844454
235.76396865
235.73653631
235.70512918
235.66672260
235.62088887
235.58385293
235.58262598
235.90825519
235.90428634
235.90146875
235.89984172
235.89783133
235.89691082
235.89490058
235.89298208
235.89025855
235.88731092
235.88391498
235.88003610
235.87606685
235.87134403
235.86682236
235.86137382
235.85622707
235.85024083
235.84434722
235.83779578
235.82985154
235.82112904
235.81662611
235.81995484
235.82489834
165.07630323
165.06150075
165.04303130
165.02253882
164.99837156
164.97194181
164.94153783
164.90794955
164.86818193
164.81905354
164.74866677
164.66751707
164.61455088
164.61479117
165.07630323
165.07232676
165.06933394
165.06745299
165.06674915
165.06657871
165.06602353
165.06505989
165.06303696
165.06038210
165.05693829
165.05290499
165.04822235
165.04286907
165.03719037
165.03074315
165.02451460
165.01718425
165.00852010
164.99882980
164.99036857
164.98620255
164.98791785
164.99461925
98.39811577
98.34362344
98.30190256
98.26659084
98.21564444
98.16320824
98.10743943
98.02600153
97.95495318
97.89503906
97.84260851
98.39811577
98.40019312
98.39621978
98.39284086
98.39226304
98.39305316
98.39352559
98.39262701
98.39068791
98.38706059
98.38265387
98.37681289
98.37013090
98.36258381
98.35407087
98.34372720
98.33666490
98.32919163
98.31951901
98.30542967
98.29042046
38.54775442
38.61851615
38.68391766
38.76939219
38.84589902
38.54775442
38.56009139
38.57666433
38.58929875
38.60196881
38.61158604
38.62144505
38.62970146
38.63897160
38.64753313
38.65662013
38.66591913
38.67456890
38.68629397
38.69969541
38.71294764
38.71496746
