320.00000000
311.60746914
303.18294956
294.71761603
286.20477932
277.63190916
268.98769339
260.25529123
251.41544075
242.44213700
233.30164259
223.94832891
214.32055243
204.33536526
193.88104098
182.80635953
170.94241334
158.02994777
144.22411257
320.00000000
328.36680611
336.71420494
345.04679445
353.36961250
361.68620821
369.99993929
378.31355188
386.62902855
394.94917667
403.27660033
411.61566164
419.97081651
428.34840239
436.75456995
445.19788420
453.68630360
462.23112384
470.84187077
479.53337927
488.31578778
497.20885508
506.22146703
515.37937963
524.69645749
534.20431939
543.93820700
553.95756014
564.33485541
575.14296254
586.45784713
598.32872025
320.00000000
311.77655712
303.51080201
295.18756037
286.78683472
278.28410612
269.65074876
260.85185605
251.84809606
242.59268190
233.03370482
223.11255724
212.76655805
201.93033225
190.53970157
178.53619049
165.87045730
152.50503692
138.39720146
123.46829864
107.84658899
91.85394872
320.00000000
328.19553365
336.37094545
344.53344062
352.68700264
360.83428898
368.97653925
377.11711506
385.26085246
393.41525414
401.58996480
409.79789398
418.05436935
426.37893106
434.79343681
443.32552596
452.00466159
460.86846657
469.95700226
479.32045698
489.01987019
499.13068636
509.76045831
521.03306536
533.09480767
546.05263575
559.87256126
574.25299042
588.69380843
320.00000000
311.63364061
303.19977699
294.67775386
286.04659480
277.27932933
268.34781450
259.21923249
249.85858802
240.22714955
230.28245350
219.97683000
209.25503891
198.05052820
186.27969142
173.82970810
160.54993268
146.29982334
130.96350411
114.77660223
98.16967408
320.00000000
328.31283234
336.58638581
344.83009480
353.04987292
361.24979411
369.43622088
377.61713621
385.80374934
394.01079402
402.25658247
410.56464168
418.96261577
427.48527321
436.17119456
445.06838514
454.22627931
463.70579748
473.56552345
483.87182672
494.69607155
506.11875405
518.24290955
531.19454513
545.11231660
560.09558699
576.03661638
592.35665592
320.00000000
311.47916222
302.86488736
294.13600294
285.26286216
276.21458362
266.95436901
257.44236158
247.63494646
237.48555445
226.94480316
215.96059760
204.47523273
192.43077312
179.74949682
166.33952530
152.10064829
136.88194838
120.78958303
104.17779438
320.00000000
328.45009067
336.84327679
345.19553003
353.51317777
361.80492166
370.07706483
378.33981214
386.60831166
394.90171913
403.24562539
411.67012107
420.21308485
428.91757832
437.83551222
447.02513414
456.55296842
466.49529926
476.93056616
487.94958774
499.64181483
512.10341786
525.42429722
539.68198523
554.91503321
571.01921026
587.53225827
320.00000000
311.28352304
302.43806516
293.44064419
284.27103632
274.90561018
265.31773413
255.47946000
245.34457769
234.88397503
223.97694096
212.63018998
200.67078883
188.14695914
174.98415708
161.24054808
146.99221975
131.98441762
116.40406791
320.00000000
328.60809335
337.12896364
345.58312718
353.98981881
362.36781080
370.73768828
379.12330397
387.55239156
396.05537064
404.66796519
413.42498891
422.36951144
431.53494022
440.96755711
450.69417231
460.75166570
471.17036497
481.96929968
493.19838634
504.88159002
517.04981813
529.84168842
543.18768259
557.34870994
572.02484516
587.06956043
320.00000000
311.25075826
302.36975990
293.31936744
284.08037450
274.61158070
264.89071743
254.88192816
244.56081308
233.89812541
222.86003709
211.41433186
199.50309604
187.05149567
173.93704519
159.99230778
145.05448369
129.32516040
320.00000000
328.64571282
337.21182200
345.71943659
354.19459292
362.65616212
371.12442705
379.62600763
388.17956775
396.82345670
405.57138227
414.47791504
423.54277437
432.84148548
442.35117409
452.16014767
462.24305620
472.67023213
483.44758475
494.61359510
506.20742973
518.27342245
530.91143912
544.23318213
558.24090508
572.94876203
320.00000000
311.20422921
302.29744931
293.25522433
284.04523947
274.63541883
264.98406434
255.04894268
244.77886354
234.12128208
223.02156093
211.42709697
199.29128991
186.58178912
173.24601177
159.18565236
144.40914182
320.00000000
328.71373658
337.36385817
345.97160530
354.55552040
363.13109212
371.71643894
380.33058872
388.99749394
397.74171898
406.59227917
415.57823539
424.73285675
434.09068033
443.68886401
453.57189122
463.78197909
474.37728149
485.41028087
496.95447982
509.10089720
521.96708494
535.60472125
549.89439125
564.58795532
579.46938312
320.00000000
311.07973811
302.07629245
292.96751279
283.72184614
274.31604913
264.71025482
254.87495982
244.75999778
234.31839037
223.47981659
212.15136956
200.18918378
187.38278387
173.39834442
158.27744624
320.00000000
328.86013053
337.68121743
346.48038943
355.27296638
364.07132710
372.88850905
381.74069759
390.64751684
399.63371125
408.72775637
417.95953880
427.36948830
436.98932876
446.87456646
457.05922921
467.61197993
478.57663182
490.03628678
502.07536044
514.81985784
528.33842700
542.54693993
557.26692182
572.25703689
320.00000000
310.98202692
301.92457819
292.79610540
283.54355161
274.11809159
264.44451484
254.45745338
244.07389603
233.20496856
221.73007811
209.45706502
196.11440137
181.49022608
165.86243348
320.00000000
329.00602179
338.01919925
347.04609405
356.09462190
365.16177714
374.25313114
383.37610350
392.54791431
401.78634984
411.11195614
420.55950346
430.15152212
439.94440335
449.96378301
460.28487759
470.94280344
482.02073820
493.57897720
505.74334712
518.62576072
532.27704843
546.62965668
561.43614727
576.36539427
320.00000000
310.76672298
301.50520734
292.16290563
282.67268923
272.92409367
262.79587954
252.11459401
240.66982791
228.12126398
214.19530665
199.10067196
183.51959843
320.00000000
329.23652704
338.49192703
347.77091720
357.06785614
366.37921469
375.69699338
385.03234500
394.39298846
403.80296546
413.27382727
422.84942939
432.55014711
442.44843949
452.58246391
463.06053425
473.96028246
485.45078024
497.74644331
511.04510279
525.37586936
540.03361546
554.40204724
320.00000000
310.24438970
300.26365760
289.96500697
279.20819167
267.66529572
255.53242937
243.09147713
320.00000000
329.64032478
339.20127329
348.72955874
358.24619485
367.76866257
377.30444467
386.86522010
396.46948290
406.14091651
415.91614998
425.83109599
435.94305149
446.30851055
457.04184334
468.14271540
479.65293651
491.66671908
504.07102588
516.90365519
320.00000000
311.78515282
303.53252961
295.22371099
286.84409586
278.36747226
269.76952123
261.01451718
252.06476505
242.87274789
233.38523673
223.54045597
213.26937404
202.49631577
191.14184386
179.12680178
166.36941768
152.78006785
138.26223710
122.90357641
107.10432263
320.00000000
328.18423089
336.35035633
344.50362888
352.64919360
360.79012998
368.92871493
377.06794056
385.21080780
393.36303626
401.52946017
409.71898185
417.93881024
426.20215317
434.51915721
442.90931739
451.38616456
459.97906961
468.70556597
477.60950480
486.71747873
496.08630253
505.76890560
515.84472948
526.41431846
537.59161011
549.47054772
562.07461192
575.29672072
588.92156319
320.00000000
311.73144372
303.41989602
295.04663710
286.59160795
278.02602850
269.31762781
260.42691371
251.30950096
241.91668194
232.19701949
222.09907060
211.57287615
200.57105315
189.04646974
176.94567899
164.21096135
150.73981328
136.39073324
121.11843973
105.04511020
88.52041221
320.00000000
328.23781311
336.45491514
344.65643003
352.84798264
361.02985620
369.20384709
377.37309887
385.54252449
393.72057415
401.91793014
410.15002420
418.43533455
426.79857126
435.26849038
443.88199572
452.68119848
461.71843362
471.05273584
480.75311762
490.89743225
501.57700711
512.89511420
524.96511426
537.89965651
551.75176916
566.39567892
581.47621514
320.00000000
311.53807969
302.99448344
294.34898605
285.58030648
276.66096572
267.56060861
258.24243217
248.66396205
238.77604534
228.52279006
217.84301451
206.67204958
194.94473082
182.60382496
169.59672748
155.88839454
141.45235801
126.16285585
110.16172789
93.80468973
320.00000000
328.39640612
336.74112499
345.04460176
353.31580763
361.55998622
369.78557046
378.00430579
386.23146935
394.48655871
402.79296580
411.17872614
419.67582296
428.32159153
437.15647018
446.22834193
455.58460335
465.28764558
475.39215789
485.98136303
497.13592645
508.97689936
521.64004086
535.28594910
550.05507118
565.92597711
582.44804160
598.70895854
320.00000000
311.35205759
302.57889588
293.64808396
284.53219497
275.19407220
265.60123019
255.71594243
245.50561632
234.93655160
223.99105371
212.63445652
200.90190908
188.76092525
176.20285223
163.17577963
149.50034435
135.04675989
119.30328597
103.10242818
320.00000000
328.54450168
337.01097949
345.41696649
353.77833327
362.10860124
370.42307841
378.73957201
387.08042269
395.47320804
403.95003389
412.55133996
421.31993795
430.31220409
439.57747747
449.19232967
459.20202177
469.69608593
480.70886643
492.30705956
504.51135277
517.33810008
530.79552034
544.82679661
559.38149291
574.13967180
589.00039600
320.00000000
311.28232705
302.43461223
293.43499412
284.24179965
274.82957905
265.15008443
255.17150624
244.84776461
234.14628750
223.04739644
211.51124748
199.56181558
187.13656254
174.20262530
160.61160374
146.29055740
131.07589886
115.35773666
320.00000000
328.61539695
337.15152231
345.63025569
354.06969882
362.48810074
370.90454493
379.34107881
387.82432016
396.37976021
405.04424788
413.84113186
422.82452051
432.00314075
441.46628011
451.19243585
461.30723045
471.77213249
482.69576667
494.06688417
505.91546321
518.28401734
531.04448316
544.38355469
558.28856576
572.73967158
320.00000000
311.19317756
302.25867377
293.16116085
283.88083664
274.39030892
264.66253469
254.66903474
244.37422928
233.73719554
222.70531783
211.21857185
199.19253621
186.54762243
173.18781703
159.04272121
144.13556277
128.68494071
320.00000000
328.68861979
337.30020403
345.84785756
354.36222479
362.86145544
371.36973453
379.91300763
388.51225976
397.20180193
405.99868094
414.94655366
424.05606332
433.38420676
442.93166658
452.77045992
462.89630910
473.38370864
484.24258924
495.54176035
507.32737252
519.68864793
532.74057955
546.64145610
561.27952954
576.17643945
320.00000000
311.15551545
302.20976345
293.13424207
283.88901215
274.44305951
264.75142112
254.78151121
244.49164286
233.85275203
222.83364011
211.40342949
199.52033310
187.11876114
174.06779877
160.26400520
145.76576630
320.00000000
328.77026310
337.49200027
346.18522603
354.86617062
363.54820157
372.24511973
380.97265133
389.75292430
398.60835811
407.57055779
416.66832367
425.94451642
435.43408635
445.19063686
455.25608128
465.68935282
476.54191692
487.87341969
499.74857069
512.24461396
525.50204875
539.68028969
554.66921933
569.88936801
584.77202374
320.00000000
311.04710487
302.04084515
292.95300348
283.74711375
274.37856102
264.78884862
254.91059642
244.65765048
233.93630396
222.63461646
210.60948699
197.65109314
183.47191369
168.02292679
151.96318937
320.00000000
328.92325508
337.83291571
346.74088768
355.65572654
364.58094573
373.52311662
382.49310781
391.50536031
400.58097459
409.74376516
419.02714020
428.46551186
438.10598912
447.99589175
458.19384332
468.76277200
479.76754012
491.28623174
503.38558819
516.20441926
529.90943576
544.44229294
559.30421622
574.02944484
320.00000000
310.87848489
301.72429603
292.50520194
283.16277535
273.64310255
263.85059678
253.69989030
243.04202085
231.70503855
219.31517045
205.47501683
190.33949459
174.71305586
320.00000000
329.11682057
338.24416780
347.38793164
356.54909702
365.72027427
374.90656944
384.11002143
393.34364646
402.62556986
411.97322669
421.42184712
430.99528069
440.75211523
450.72360856
460.98840366
471.58610313
482.59883972
494.14820887
506.39479488
519.51055250
533.47667391
548.07127426
562.97764396
320.00000000
310.60373431
301.11926180
291.49072963
281.59730553
271.31009338
260.50685000
248.91763134
236.38064469
222.89795784
208.37069132
320.00000000
329.36621654
338.73676970
348.12183067
357.52780706
366.94233339
376.36490663
385.80119363
395.26404912
404.77182057
414.35467827
424.04742401
433.90914731
444.00107006
454.41895319
465.27793730
476.70435735
488.72280983
501.48557827
515.11023507
529.71927782
320.00000000
309.51623970
298.59311591
286.91947166
274.47632838
320.00000000
330.12172651
340.04416836
349.81502890
359.51492942
369.18397995
378.86177417
388.58041383
398.36963897
408.27152163
418.31800584
428.55910388
439.02317313
449.76278144
460.85363851
472.33393162
484.06239566
