988.00000000
972.02314741
956.04998587
940.08154999
924.11836920
908.16149972
892.21191194
876.27100945
860.34046588
844.42253675
828.52018951
812.63745536
796.77980670
780.95435008
765.17027325
749.44169905
733.79024098
718.27232246
702.87027406
988.00000000
1003.97956470
1019.96227016
1035.94764086
1051.93522547
1067.92473648
1083.91582890
1099.90827186
1115.90179930
1131.89637026
1147.89196403
1163.88859704
1179.88623520
1195.88478994
1211.88408916
1227.88389401
1243.88387800
1259.88362289
1275.88261761
1291.88022170
1307.87570689
1323.86814406
1339.85655958
1355.83954660
1371.81545259
1387.78208800
1403.73636232
1419.67288331
1435.58784007
1451.48711596
1467.38112172
1483.27610950
1020.00000000
1004.01738894
988.03754362
972.06186503
956.09103031
940.12651485
924.16942899
908.22158725
892.28469209
876.36102037
860.45299972
844.56351605
828.69574051
812.85315931
797.03942027
781.25808913
765.51236397
749.80498042
734.13932769
718.52271068
702.94371145
687.35978761
1020.00000000
1035.98454802
1051.97128714
1067.95937512
1083.94838872
1099.93807646
1115.92876984
1131.92057069
1147.91378040
1163.90845735
1179.90466212
1195.90226290
1211.90107093
1227.90070789
1243.90068507
1259.90030813
1275.89872213
1291.89482880
1307.88727033
1323.87440982
1339.85398354
1355.82321580
1371.77758423
1387.71142991
1403.61707121
1419.48778456
1435.32570734
1451.15315117
1467.00569587
1032.00000000
1016.01524700
1000.03225754
984.05147324
968.07320960
952.09795744
936.12616410
920.15836787
904.19512816
888.23705750
872.28482391
856.33916855
840.40095016
824.47121240
808.55131716
792.64324537
776.74987309
760.87420564
745.01933272
729.18041554
713.34420429
1032.00000000
1047.98593949
1063.97311069
1079.96130118
1095.95043078
1111.94058608
1127.93181288
1143.92422310
1159.91785279
1175.91273569
1191.90884515
1207.90612543
1223.90444783
1239.90362713
1255.90338843
1271.90336978
1287.90310564
1303.90201111
1319.89939536
1335.89444452
1351.88618575
1367.87344926
1383.85471036
1399.82793064
1415.79057692
1431.74071240
1447.68101593
1463.62491561
1040.00000000
1024.00874189
1008.01790559
992.02757259
976.03779198
960.04865096
944.06021860
928.07258290
912.08582417
896.10002354
880.11525468
864.13158252
848.14906289
832.16775046
816.18771760
800.20906222
784.23214418
768.25747155
752.28528123
736.31399932
1040.00000000
1055.99155821
1071.98344256
1087.97562218
1103.96807531
1119.96081305
1135.95386590
1151.94728887
1167.94110654
1183.93536133
1199.93006797
1215.92526084
1231.92094229
1247.91714127
1263.91384325
1279.91107661
1295.90880047
1311.90704255
1327.90573158
1343.90484876
1359.90431729
1375.90406224
1391.90398699
1407.90398150
1423.90392015
1439.90374277
1455.90363224
1044.00000000
1028.00332980
1012.00631088
996.00895795
980.01127995
964.01330116
948.01501834
932.01645318
916.01759173
900.01847083
884.01906096
868.01943921
852.01962366
836.01969477
820.01970886
804.01971072
788.01972719
772.01981056
756.01999843
1044.00000000
1059.99638960
1075.99239668
1091.98800937
1107.98320871
1123.97796210
1139.97221992
1155.96593286
1171.95903234
1187.95146879
1203.94316482
1219.93407312
1235.92411020
1251.91324143
1267.90139692
1283.88854207
1299.87466240
1315.85965087
1331.84354294
1347.82616724
1363.80744271
1379.78728586
1395.76519521
1411.74201820
1427.71758222
1443.69091480
1459.66022210
1044.00000000
1028.00153325
1012.00265635
996.00329844
980.00361887
964.00371413
948.00372129
932.00377391
916.00400919
900.00455513
884.00556310
868.00715939
852.00955393
836.01304623
820.01806942
804.02528133
788.03544801
772.04844446
1044.00000000
1059.99794676
1075.99520323
1091.99165330
1107.98737373
1123.98213024
1139.97597008
1155.96858427
1171.96003094
1187.94991552
1203.93835347
1219.92483121
1235.90958379
1251.89196651
1267.87234277
1283.85004088
1299.82530113
1315.79771467
1331.76717525
1347.73350411
1363.69636357
1379.65550428
1395.61042506
1411.56039694
1427.50371803
1443.43852788
1044.00000000
1028.00070018
1012.00095756
996.00099418
980.00105243
964.00142841
948.00248864
932.00464690
916.00842677
900.01441723
884.02327879
868.03568666
852.05227624
836.07350017
820.09989862
804.13260024
788.17194618
1044.00000000
1059.99884708
1075.99690791
1091.99406408
1107.99019716
1123.98514184
1139.97872220
1155.97059678
1171.96047304
1187.94797342
1203.93276117
1219.91439114
1235.89247611
1251.86646346
1267.83589329
1283.80001243
1299.75823201
1315.70954096
1331.65309369
1347.58766295
1363.51169463
1379.42306506
1395.32042123
1411.20501671
1427.07998370
1442.94825652
1044.00000000
1028.00041725
1012.00045863
996.00059914
980.00139826
964.00343462
948.00747459
932.01426122
916.02486457
900.04046883
884.06274667
868.09407432
852.13824357
836.20125191
820.29377964
804.42183251
1044.00000000
1059.99902352
1075.99703996
1091.99369236
1107.98891000
1123.98242898
1139.97403187
1155.96309170
1171.94911247
1187.93122413
1203.90862754
1219.88041587
1235.84532487
1251.80248192
1267.74999476
1283.68691545
1299.61078238
1315.52014106
1331.41196593
1347.28304914
1363.12817422
1378.94375105
1394.73330106
1410.50480547
1426.26744546
1040.00000000
1024.00356500
1008.00476592
992.00489958
976.00543182
960.00834230
944.01644953
928.03284271
912.06128196
896.10618125
880.17336716
864.27302839
848.42176959
832.63966478
816.91751790
1040.00000000
1055.99471756
1071.98671750
1087.97652494
1103.96410685
1119.95021679
1135.93473083
1151.91716989
1167.89642558
1183.87136650
1199.84108873
1215.80341897
1231.75757183
1247.70010809
1263.63005388
1279.54291487
1295.43685204
1311.30707456
1327.14996623
1342.95755140
1358.72142595
1374.43808367
1390.11318237
1405.76411999
1421.41284512
1036.00000000
1020.00484597
1004.00674460
988.00688399
972.00883873
956.01867589
940.04406109
924.09740048
908.19451494
892.36420423
876.64295422
861.02880234
845.45790155
1036.00000000
1051.99176784
1067.97926577
1083.96341559
1099.94602084
1115.92785066
1131.91010266
1147.89154602
1163.87118444
1179.84668661
1195.81715183
1211.77897462
1227.73058706
1243.66639835
1259.58318878
1275.47229058
1291.32619669
1307.13003044
1322.86092479
1338.49692564
1354.03078828
1369.54020850
1385.10895338
1024.00000000
1008.00485744
992.01799668
976.04914368
960.10824348
944.22395620
928.40768150
912.60993971
1024.00000000
1039.99838070
1055.99827812
1071.99672772
1087.99252707
1103.98551700
1119.97510143
1135.96100602
1151.94085656
1167.91266871
1183.87256012
1199.81718387
1215.74090019
1231.63752719
1247.49495129
1263.31124476
1279.09116492
1294.81687234
1310.51619984
1326.18923879
1012.00000000
996.01888903
980.04140400
964.06929567
948.10306639
932.14489689
916.19622733
900.25972331
884.33803694
868.43472036
852.55385833
836.70036425
820.87996518
805.09917910
789.36505235
773.68450263
758.06441611
742.51130617
727.03797695
711.64024319
696.25567711
1012.00000000
1027.98383513
1043.96993971
1059.95817130
1075.94778817
1091.93858075
1107.93030701
1123.92319871
1139.91719378
1155.91246965
1171.90893054
1187.90658131
1203.90522461
1219.90467666
1235.90458420
1251.90449591
1267.90383901
1283.90173519
1299.89729841
1315.88893244
1331.87516082
1347.85338322
1363.82055098
1379.77198142
1395.70108847
1411.59948088
1427.45981092
1443.28328454
1459.08841554
1474.90488624
1024.00000000
1008.01474001
992.03159940
976.05121838
960.07432490
944.10177602
928.13459346
912.17393450
896.22114211
880.27767907
864.34512850
848.42511143
832.51923562
816.62905582
800.75611292
784.90218068
769.06928909
753.26070590
737.48217889
721.73567308
706.01236228
690.28677785
1024.00000000
1039.98652917
1055.97432396
1071.96301928
1087.95220047
1103.94202368
1119.93260122
1135.92416218
1151.91690425
1167.91094530
1183.90635427
1199.90310961
1215.90111735
1231.90016093
1247.89991252
1263.89988278
1279.89940085
1295.89759136
1311.89325700
1327.88498430
1343.87087162
1359.84858142
1375.81506905
1391.76667593
1407.69926791
1423.61057230
1439.50637996
1455.40384835
1036.00000000
1020.01256820
1004.02618406
988.04103621
972.05729353
956.07515051
940.09483340
924.11659586
908.14074545
892.16763393
876.19768208
860.23136988
844.26924223
828.31188795
812.35990184
796.41384122
780.47401800
764.54049412
748.61429343
732.69264083
716.76764497
1036.00000000
1051.98815926
1067.97716330
1083.96693253
1099.95736671
1115.94857941
1131.94060475
1147.93352220
1163.92735682
1179.92214009
1195.91785793
1211.91449351
1227.91198582
1243.91026414
1259.90921101
1275.90869497
1291.90853336
1307.90852214
1323.90840770
1339.90788303
1355.90657802
1371.90396816
1387.89935711
1403.89179669
1419.88021722
1435.86447285
1451.84779403
1467.83657737
1044.00000000
1028.00542516
1012.01074601
996.01595414
980.02104898
964.02601870
948.03086952
932.03560055
916.04022492
900.04475294
884.04921034
868.05360371
852.05795242
836.06227473
820.06646366
804.07049497
788.07422068
772.07770809
756.08105779
740.08408171
1044.00000000
1059.99450815
1075.98891520
1091.98324843
1107.97748645
1123.97164566
1139.96570245
1155.95965765
1171.95349428
1187.94720520
1203.94077904
1219.93419633
1235.92745564
1251.92051517
1267.91339957
1283.90602044
1299.89844918
1315.89057209
1331.88248078
1347.87412853
1363.86557597
1379.85686981
1395.84807265
1411.83932511
1427.83045843
1443.82107491
1459.81042457
1044.00000000
1028.00245308
1012.00437498
996.00586978
980.00694880
964.00767922
948.00811104
932.00831746
916.00837968
900.00838380
884.00841982
868.00857757
852.00892395
836.00954159
820.01052995
804.01210682
788.01448916
772.01801899
756.02241438
1044.00000000
1059.99719579
1075.99386758
1091.99002074
1107.98557523
1123.98052963
1139.97474183
1155.96819619
1171.96069153
1187.95223973
1203.94256328
1219.93174695
1235.91936312
1251.90565978
1267.88993335
1283.87266459
1299.85299046
1315.83140682
1331.80735034
1347.78101185
1363.75241423
1379.72136266
1395.68860623
1411.65341081
1427.61583756
1443.57422822
1044.00000000
1028.00089728
1012.00131628
996.00145369
980.00146429
964.00151814
948.00178680
932.00244906
916.00371281
900.00582381
884.00909668
868.01392005
852.02083132
836.03046199
820.04352276
804.06073969
788.08185615
772.10577182
1044.00000000
1059.99864133
1075.99665257
1091.99372523
1107.98991096
1123.98485261
1139.97861197
1155.97072763
1171.96129124
1187.94977470
1203.93630718
1219.92025794
1235.90183124
1251.88024611
1267.85579830
1283.82760834
1299.79591784
1315.75995362
1331.71964202
1347.67433061
1363.62342080
1379.56598048
1395.50089814
1411.42644011
1427.34226318
1443.24968062
1044.00000000
1028.00055253
1012.00063109
996.00069316
980.00124746
964.00282182
948.00612270
932.01175410
916.02047374
900.03288209
884.04959088
868.07117594
852.09838293
836.13233373
820.17552656
804.23101428
788.29856080
1044.00000000
1059.99892619
1075.99691420
1091.99378387
1107.98942028
1123.98367900
1139.97630881
1155.96698035
1171.95513006
1187.94027290
1203.92167221
1219.89871970
1235.87041021
1251.83599618
1267.79420373
1283.74408454
1299.68422581
1315.61337634
1331.53011863
1347.43269137
1363.31902575
1379.18554147
1395.02769501
1410.84654937
1426.65584041
1442.47135033
1040.00000000
1024.00152688
1008.00202414
992.00207204
976.00247471
960.00436667
944.00940949
928.01963690
912.03795566
896.06779711
880.11349676
864.18083237
848.27853667
832.42065897
816.61679559
800.84424518
1040.00000000
1055.99746809
1071.99332000
1087.98757001
1103.98035079
1119.97176450
1135.96181136
1151.94972179
1167.93491879
1183.91632513
1199.89298857
1215.86342669
1231.82621011
1247.77938580
1263.72081890
1279.64814739
1295.55829397
1311.44861144
1327.31504492
1343.15452321
1358.96005029
1374.72249018
1390.44271978
1406.14752635
1421.86535695
1036.00000000
1020.00417039
1004.00569984
988.00587167
972.00662156
956.01066013
940.02232847
924.04644913
908.09122732
892.16706275
876.29721929
860.51866517
844.84045067
829.20430628
1036.00000000
1051.99373031
1067.98427192
1083.97242855
1099.95870475
1115.94456871
1131.92960601
1147.91355559
1163.89541178
1179.87345296
1195.84672112
1211.81248913
1227.76956096
1243.71373351
1259.64329627
1275.55287990
1291.43987988
1307.29913588
1323.12099503
1338.89223883
1354.59572619
1370.23168525
1385.82010715
1401.39309720
1032.00000000
1016.00210252
1000.00242478
984.00572919
968.01874187
952.05208178
936.11572687
920.23180110
904.42919451
888.70626714
873.07031526
1032.00000000
1047.99552221
1063.98683106
1079.97490064
1095.95978537
1111.94416534
1127.92863935
1143.91228701
1159.89339497
1175.87004438
1191.83916342
1207.79761157
1223.74003624
1239.66052929
1255.55064844
1271.39744239
1287.18748300
1302.92047519
1318.58093920
1334.16066863
1349.64386299
1016.00000000
1000.03818280
984.10914857
968.23233210
952.42589676
1016.00000000
1031.97854561
1047.96975879
1063.96830140
1079.96806218
1095.96517731
1111.95713834
1127.94079756
1143.91398447
1159.87230620
1175.81296659
1191.73114951
1207.62369114
1223.48690589
1239.31020798
1255.09098683
1270.84688004
